990
293 1083
673 844
232 885
733 962
771 1058
588 1290
645 1166
726 965
658 914
977 1008
861 1169
751 1228
821 1046
325 1182
316 1175
1146 1185
329 735
428 1213
314 792
811 857
303 604
819 850
751 1244
350 647
653 1132
956 987
735 1137
853 1013
898 1092
581 1256
826 854
469 789
1070 1225
809 824
607 832
564 1153
557 1229
631 1066
107 1253
579 778
182 1254
657 845
690 1252
200 780
1045 1148
556 981
1075 1111
1042 1205
356 1251
1017 1189
66 879
944 1119
622 1246
876 1129
601 1178
539 798
365 1033
480 935
878 1011
813 918
228 868
602 1128
839 1023
77 1279
812 1192
409 1031
110 730
999 1215
197 646
976 987
1088 1180
253 764
914 1188
618 1125
820 1005
808 1019
886 1200
138 745
780 1179
281 1185
470 988
632 1210
330 791
80 1090
372 612
135 703
1025 1238
732 767
1187 1287
1226 1269
183 1156
1025 1073
930 966
1057 1188
690 883
304 1223
983 1138
497 1233
254 662
134 908
394 1013
1020 1112
642 1029
1134 1152
266 1157
1094 1242
179 950
419 728
846 1257
580 949
527 1217
39 789
106 877
533 772
542 741
664 1172
704 1084
471 1156
853 1042
427 847
756 771
91 705
629 895
9 645
398 1268
716 1087
699 887
734 1141
737 1115
736 949
728 770
56 868
772 860
186 910
1064 1100
957 1002
322 786
451 1044
755 1057
328 1272
726 1080
151 985
213 772
745 896
1197 1262
724 1293
1037 1226
387 873
1056 1221
485 996
1230 1265
637 1101
405 701
1034 1266
343 1161
301 695
768 1165
548 1167
486 786
521 1137
703 919
776 791
1062 1122
492 1259
958 1006
117 1226
992 1297
623 1137
52 965
36 843
989 1201
567 841
821 1068
48 1071
501 1270
477 646
850 958
974 1060
1080 1238
894 956
718 947
549 1150
713 1245
597 893
515 974
1057 1181
410 1187
517 909
612 917
794 1211
882 905
308 740
1046 1105
627 1106
406 1215
476 947
27 873
672 1209
169 1262
623 1220
399 1057
67 942
598 1220
62 1147
831 937
845 942
326 1291
98 883
600 862
258 757
58 792
777 814
103 954
334 1258
543 616
622 947
128 1080
265 863
1039 1081
815 1270
173 838
665 763
603 943
992 1034
812 1023
854 1069
327 838
655 1144
338 772
447 982
794 1198
650 1102
733 1277
280 1076
892 905
947 1081
1128 1171
484 894
495 1136
541 1291
551 675
5 1045
76 961
174 912
216 1094
565 815
243 873
936 1205
416 1031
884 908
15 1040
746 1211
440 992
1146 1161
295 766
51 1259
653 1255
921 925
714 929
544 946
570 1239
636 916
980 1042
287 1148
123 898
516 695
13 999
142 727
856 1291
877 927
643 1227
782 811
1254 1272
513 766
603 1291
1257 1264
1010 1111
727 915
490 939
872 1033
30 861
448 932
639 784
594 601
1212 1291
140 1099
499 1292
668 1117
282 1149
129 770
1160 1233
1139 1199
829 869
620 1198
948 960
400 964
502 1281
444 1249
800 816
818 930
218 848
1012 1089
340 869
1236 1252
572 849
779 899
683 1015
910 1279
719 778
1114 1145
101 933
700 780
796 1257
777 1259
184 1278
550 1148
799 1193
859 1175
848 1071
843 1194
585 750
965 1190
1110 1113
54 781
968 1038
1222 1297
1131 1194
998 1074
528 604
395 1128
602 947
682 823
684 835
686 758
1049 1108
669 1261
606 879
890 896
661 1003
886 935
18 1038
536 612
667 690
554 1078
584 1111
508 1023
1133 1276
924 1075
294 1211
699 1103
968 1288
102 1262
793 1233
247 1193
104 1045
43 1273
239 894
741 1154
467 1118
478 1172
37 1190
222 972
531 935
793 1297
92 716
376 1230
676 683
1234 1296
702 791
1240 1263
1097 1118
767 856
630 941
700 1054
1078 1082
934 1213
1170 1205
628 1029
646 1081
987 1294
249 705
596 649
344 860
361 701
300 758
985 1229
396 789
81 1175
113 1243
641 1096
491 857
357 1132
227 766
178 706
208 705
111 843
319 757
168 726
869 997
677 1078
1057 1124
42 971
152 1163
147 863
777 855
384 740
698 1229
524 1202
615 1048
519 1244
445 658
124 770
699 1062
306 658
1125 1232
506 1198
507 894
351 902
392 762
758 786
652 1027
90 767
667 730
660 1224
411 1202
965 1018
426 1293
1074 1182
583 766
1061 1180
751 1285
313 770
722 1289
390 1169
1016 1018
122 1098
927 1221
915 1275
1028 1260
188 945
931 1140
436 1097
729 1232
545 866
434 1113
94 848
849 1031
851 1145
408 731
1154 1164
291 762
203 801
657 836
454 845
614 1109
1041 1260
966 1036
823 1081
902 1002
625 795
53 1210
891 1005
647 769
450 1236
1025 1251
339 1228
871 1278
366 986
82 874
317 793
1211 1289
908 1273
737 1269
1188 1265
1012 1082
224 1011
163 1243
873 1054
493 1272
438 750
764 778
988 1214
155 843
331 1254
744 1250
498 828
181 963
379 1202
1026 1075
612 788
990 1282
643 848
382 1256
782 948
509 847
402 1044
702 822
214 962
874 900
804 1013
990 1158
223 1130
1100 1210
848 1272
185 1255
85 699
770 1293
560 710
130 896
261 1139
670 972
829 920
244 1244
534 770
939 1298
503 667
116 824
321 1109
796 1090
878 940
599 703
17 847
1152 1205
333 886
925 1241
834 990
864 1268
713 762
336 1266
210 882
989 1069
633 727
385 1252
255 1164
838 1238
687 1078
522 637
1145 1284
29 698
212 1141
576 1165
359 622
143 1102
561 1294
650 912
49 728
795 1266
435 1057
8 757
976 1136
634 1154
487 835
1001 1039
571 784
994 1271
763 1130
141 602
371 1212
355 992
530 792
653 775
942 1263
100 791
811 990
633 827
164 1266
778 938
31 784
840 1265
21 612
940 1093
514 1181
725 1126
889 1132
468 1257
489 634
965 1022
220 956
1168 1263
964 989
998 1177
41 1202
242 1244
61 1012
928 1162
798 848
417 1298
882 1164
1052 1300
661 1223
93 732
505 778
299 855
1040 1250
139 675
535 764
691 1037
425 659
422 816
349 976
719 907
671 1170
57 1156
441 682
1248 1295
876 968
50 1127
547 1094
345 999
627 741
888 1263
464 968
618 996
711 1259
1066 1109
991 1146
916 1137
842 1259
1113 1269
160 939
171 1186
446 682
831 1244
250 1100
971 1077
10 636
843 863
592 634
552 820
732 1134
892 995
118 899
689 784
656 729
364 665
792 1266
555 809
934 1232
680 861
967 1220
97 1270
284 627
1239 1249
278 1195
378 1120
119 1226
667 1247
289 685
806 1098
1118 1299
1024 1058
721 775
801 953
267 728
700 1251
748 1137
369 942
511 691
215 818
217 731
626 778
311 736
47 653
602 888
65 647
737 1290
734 1280
950 1170
193 947
727 1092
418 947
990 1151
717 810
236 1018
347 838
828 1146
694 1256
729 1204
432 866
73 971
456 1248
125 766
817 981
1091 1212
526 947
802 1139
370 635
55 1269
784 941
241 802
616 661
529 1293
973 1202
603 1167
708 1013
629 867
24 845
504 701
712 865
109 699
263 1010
414 1000
1163 1187
864 1012
710 992
298 1152
613 764
982 1024
170 1094
922 1268
757 884
638 1098
206 1094
1098 1157
711 1294
764 770
1216 1247
211 968
586 645
681 971
148 667
40 629
742 1059
830 964
933 1237
601 1246
192 1205
847 964
1022 1035
715 1246
230 1272
753 1244
337 1272
983 1269
899 1247
629 766
866 1203
771 1286
956 1286
689 905
662 1135
573 666
574 1234
189 894
180 1295
401 1148
172 1213
590 671
603 799
605 730
1121 1287
1067 1244
742 810
1100 1230
251 685
1214 1215
133 767
771 1234
853 1155
593 705
677 963
75 1145
946 1185
858 980
870 1060
824 1070
651 1092
277 1220
74 947
233 1290
33 657
274 1252
44 647
977 1085
483 741
272 748
681 1036
906 1150
32 808
819 969
617 1269
302 1053
745 1268
803 1059
682 738
87 881
636 1218
443 1075
575 943
70 828
718 825
332 636
692 1030
1260 1271
860 1006
187 681
1219 1235
297 1016
719 989
35 882
204 1075
348 1143
925 1183
532 890
656 697
634 1150
698 1237
1019 1038
248 624
1149 1266
475 1258
928 959
754 1166
709 1081
786 1123
692 979
149 804
1063 1071
772 1157
904 1262
88 1085
974 1020
674 1251
929 1202
368 882
701 748
404 646
809 895
760 1222
420 1007
994 1035
1099 1283
682 1072
558 763
658 939
45 915
741 788
12 1056
288 795
639 1104
309 1255
6 1060
1070 1292
84 678
1045 1156
479 1012
1032 1096
144 1253
611 694
952 1093
285 1024
1199 1226
89 924
114 985
342 710
720 1289
312 1108
789 1219
750 993
264 637
982 1118
86 845
1010 1278
153 635
716 1274
335 1127
1212 1257
669 1199
383 650
689 752
433 862
688 898
643 1038
354 1146
473 879
1002 1185
601 1004
759 962
913 966
723 880
1141 1175
1078 1086
271 998
678 788
393 682
932 1188
566 847
972 1255
305 809
69 1119
739 934
562 1057
635 1069
14 697
108 760
315 730
25 1295
973 975
137 1265
323 1012
663 1158
961 1057
346 1252
648 748
786 1033
654 853
582 739
741 1135
1200 1253
934 1033
634 986
352 1201
403 832
430 882
296 631
518 750
608 754
981 1187
1047 1281
1007 1008
167 814
46 999
1038 1202
828 1215
852 1156
318 634
702 1138
1027 1268
460 1031
675 895
610 1082
375 754
769 1242
604 965
537 617
283 1157
797 949
569 781
835 1096
429 884
1260 1269
1050 1233
1094 1146
525 614
559 1148
608 805
788 880
954 1044
689 1051
578 751
474 643
703 1138
918 946
1153 1289
683 735
105 658
191 748
614 1003
712 894
788 1194
789 846
637 682
407 797
662 743
591 1141
970 1018
1118 1195
694 1081
642 1196
1186 1292
609 895
807 897
268 794
675 1231
820 935
245 1099
362 1003
341 1113
466 1024
649 1075
953 1029
199 982
786 1092
292 638
761 1116
353 1067
707 1205
740 889
731 862
270 1037
